tig00000001_pilon	NZ_CP038996.1	99.988	137662	5	3	1984496	2122155	586675	724327	0.0	2.541e+05
tig00000001_pilon	NZ_CP038996.1	99.826	102692	174	4	460895	563584	1265190	1162502	0.0	1.886e+05
tig00000001_pilon	NZ_CP038996.1	99.683	78483	202	16	615238	693678	1104362	1025885	0.0	1.435e+05
tig00000001_pilon	NZ_CP038996.1	99.944	77104	36	7	1170523	1247623	2541614	2618713	0.0	1.421e+05
tig00000001_pilon	NZ_CP038996.1	99.714	76704	205	13	1340212	1416907	2719481	2796178	0.0	1.404e+05
tig00000001_pilon	NZ_CP038996.1	99.958	57639	22	2	1014963	1072600	2383024	2440661	0.0	1.063e+05
tig00000001_pilon	NZ_CP038996.1	99.594	53198	180	24	1886861	1940030	481307	534496	0.0	97009
tig00000001_pilon	NZ_CP038996.1	99.979	51642	10	1	744371	796012	966221	914581	0.0	95303
tig00000001_pilon	NZ_CP038996.1	99.961	48721	18	1	366226	414946	1357271	1308552	0.0	89864
tig00000001_pilon	NZ_CP038996.1	99.988	48303	5	1	242957	291259	1482363	1434062	0.0	89164
tig00000001_pilon	NZ_CP038996.1	99.993	45781	2	1	2256304	2302084	2163055	2117276	0.0	84524
tig00000001_pilon	NZ_CP038996.1	99.890	45652	49	1	2122148	2167799	725842	771492	0.0	84025
tig00000001_pilon	NZ_CP038996.1	99.982	43372	6	1	416011	459380	1308554	1265183	0.0	80047
tig00000001_pilon	NZ_CP038996.1	99.634	41841	144	1	563550	605381	1160984	1119144	0.0	76409
tig00000001_pilon	NZ_CP038996.1	99.727	41013	93	18	1455893	1496895	51135	92138	0.0	75098
tig00000001_pilon	NZ_CP038996.1	99.987	39094	5	0	1416908	1456001	1	39094	0.0	72166
tig00000001_pilon	NZ_CP038996.1	99.539	35598	149	4	158774	194370	1568408	1532825	0.0	64814
tig00000001_pilon	NZ_CP038996.1	99.884	34503	18	3	2208237	2242738	2212374	2177893	0.0	63474
tig00000001_pilon	NZ_CP038996.1	99.968	34255	2	2	1950252	1984504	550914	585161	0.0	63187
tig00000001_pilon	NZ_CP038996.1	99.947	32110	16	1	334124	366233	1390883	1358775	0.0	59201
tig00000001_pilon	NZ_CP038996.1	99.952	31328	14	1	814584	845911	899045	867719	0.0	57768
tig00000001_pilon	NZ_CP038996.1	99.984	30841	3	2	2352189	2383028	2062692	2031853	0.0	56924
tig00000001_pilon	NZ_CP038996.1	99.457	31320	154	10	91741	123053	1636315	1605005	0.0	56881
tig00000001_pilon	NZ_CP038996.1	99.013	30996	267	33	879210	910189	833164	802192	0.0	55507
tig00000001_pilon	NZ_CP038996.1	99.775	30204	66	2	1308390	1338593	2689281	2719482	0.0	55398
tig00000001_pilon	NZ_CP038996.1	99.203	30476	222	3	2465658	2496113	1920128	1889654	0.0	54913
tig00000001_pilon	NZ_CP038996.1	99.918	29114	15	2	980100	1009213	2348169	2377273	0.0	53622
tig00000001_pilon	NZ_CP038996.1	99.985	26795	4	0	2383015	2409809	1991595	1964801	0.0	49459
tig00000001_pilon	NZ_CP038996.1	99.903	26704	22	4	1131242	1157942	2503854	2530556	0.0	49166
tig00000001_pilon	NZ_CP038996.1	99.925	26517	14	1	1094627	1121137	2465271	2491787	0.0	48852
tig00000001_pilon	NZ_CP038996.1	99.741	26244	66	2	695189	721431	1025865	999623	0.0	48086
tig00000001_pilon	NZ_CP038996.1	99.967	24559	6	2	194409	218966	1531280	1506723	0.0	45306
tig00000001_pilon	NZ_CP038996.1	99.185	24309	190	8	1594403	1618706	182082	206387	0.0	43787
tig00000001_pilon	NZ_CP038996.1	99.400	23834	139	3	1544550	1568379	131940	155773	0.0	43218
tig00000001_pilon	NZ_CP038996.1	99.859	22668	29	3	1771712	1794378	369323	391988	0.0	41680
tig00000001_pilon	NZ_CP038996.1	99.467	22899	118	4	2519173	2542070	1866652	1843757	0.0	41607
tig00000001_pilon	NZ_CP038996.1	99.996	22478	1	0	218967	241444	1504831	1482354	0.0	41504
tig00000001_pilon	NZ_CP038996.1	100.000	21538	0	0	1286854	1308391	2665962	2687499	0.0	39774
tig00000001_pilon	NZ_CP038996.1	99.745	20805	44	9	1747502	1768302	346921	367720	0.0	38117
tig00000001_pilon	NZ_CP038996.1	99.444	20321	109	4	71413	91730	1656607	1636288	0.0	36897
tig00000001_pilon	NZ_CP038996.1	99.355	19391	120	5	1515642	1535029	101621	121009	0.0	35111
tig00000001_pilon	NZ_CP038996.1	99.995	18620	1	0	2302081	2320700	2115388	2096769	0.0	34380
tig00000001_pilon	NZ_CP038996.1	99.958	16795	7	0	962266	979060	2331383	2348177	0.0	30976
tig00000001_pilon	NZ_CP038996.1	99.946	16713	7	2	1826918	1843629	430382	447093	0.0	30812
tig00000001_pilon	NZ_CP038996.1	99.994	16603	1	0	2324144	2340746	2094042	2077440	0.0	30655
tig00000001_pilon	NZ_CP038996.1	99.499	15984	63	6	1569610	1585579	157405	173385	0.0	29058
tig00000001_pilon	NZ_CP038996.1	99.944	14378	6	2	2671806	2686181	1722025	1707648	0.0	26506
tig00000001_pilon	NZ_CP038996.1	99.979	13956	3	0	291252	305207	1432547	1418592	0.0	25756
tig00000001_pilon	NZ_CP038996.1	99.423	13697	51	3	320515	334211	1404345	1390677	0.0	24831
tig00000001_pilon	NZ_CP038996.1	99.888	13358	9	2	2242954	2256311	2177921	2164570	0.0	24580
tig00000001_pilon	NZ_CP038996.1	99.864	13262	16	2	1843630	1856890	449784	463044	0.0	24389
tig00000001_pilon	NZ_CP038996.1	99.707	13300	37	2	1247541	1260838	2618875	2632174	0.0	24343
tig00000001_pilon	NZ_CP038996.1	99.844	12782	8	5	1805119	1817896	404198	416971	0.0	23483
tig00000001_pilon	NZ_CP038996.1	99.921	12732	10	0	948137	960868	2214055	2226786	0.0	23457
tig00000001_pilon	NZ_CP038996.1	99.702	12426	37	0	846040	858465	867743	855318	0.0	22742
tig00000001_pilon	NZ_CP038996.1	99.298	12116	84	1	1856883	1868997	464369	476484	0.0	21902
tig00000001_pilon	NZ_CP038996.1	99.543	11806	50	3	2442167	2453970	1943770	1931967	0.0	21499
tig00000001_pilon	NZ_CP038996.1	99.667	11700	34	4	1121132	1132828	2493466	2505163	0.0	21385
tig00000001_pilon	NZ_CP038996.1	99.991	11452	1	0	2340739	2352190	2075925	2064474	0.0	21143
tig00000001_pilon	NZ_CP038996.1	99.912	11387	7	1	801684	813070	910420	899037	0.0	20969
tig00000001_pilon	NZ_CP038996.1	99.555	11466	48	3	2543585	2555049	1843764	1832301	0.0	20888
tig00000001_pilon	NZ_CP038996.1	99.271	10704	72	4	1794369	1805067	393501	404203	0.0	19330
tig00000001_pilon	NZ_CP038996.1	99.932	10362	7	0	308709	319070	1414721	1404360	0.0	19097
tig00000001_pilon	NZ_CP038996.1	99.254	10315	73	4	1640942	1651253	224004	234317	0.0	18619
tig00000001_pilon	NZ_CP038996.1	99.861	9362	12	1	6451	15812	1677068	1667708	0.0	17215
tig00000001_pilon	NZ_CP038996.1	99.925	9328	5	1	1077386	1086713	2446386	2455711	0.0	17186
tig00000001_pilon	NZ_CP038996.1	99.957	9279	4	0	722957	732235	997153	987875	0.0	17114
tig00000001_pilon	NZ_CP038996.1	99.731	9308	24	1	1504716	1514023	92316	101622	0.0	17049
tig00000001_pilon	NZ_CP038996.1	99.856	9027	11	2	2647820	2656846	1743597	1734573	0.0	16596
tig00000001_pilon	NZ_CP038996.1	99.914	8167	7	0	1160842	1169008	2533455	2541621	0.0	15043
tig00000001_pilon	NZ_CP038996.1	99.900	7968	8	0	1086668	1094635	2455790	2463757	0.0	14670
tig00000001_pilon	NZ_CP038996.1	99.381	7922	48	1	1618707	1626627	208279	216200	0.0	14356
tig00000001_pilon	NZ_CP038996.1	99.268	7517	52	3	2198445	2205959	2001108	1993593	0.0	13573
tig00000001_pilon	NZ_CP038996.1	99.539	7379	27	4	1585655	1593032	173339	180711	0.0	13431
tig00000001_pilon	NZ_CP038996.1	99.986	7161	1	0	605373	612533	1117630	1110470	0.0	13219
tig00000001_pilon	NZ_CP038996.1	99.331	7174	27	3	2740942	2748095	1704872	1697700	0.0	12962
tig00000001_pilon	NZ_CP038996.1	99.684	6641	19	2	2179404	2186043	2018528	2011889	0.0	12146
tig00000001_pilon	NZ_CP038996.1	99.894	6592	6	1	1817893	1824483	418032	424623	0.0	12133
tig00000001_pilon	NZ_CP038996.1	99.909	6570	6	0	1277574	1284143	2659394	2665963	0.0	12100
tig00000001_pilon	NZ_CP038996.1	99.013	6684	59	5	132301	138980	1589916	1583236	0.0	11971
tig00000001_pilon	NZ_CP038996.1	99.382	5985	37	0	2627226	2633210	1763714	1757730	0.0	10848
tig00000001_pilon	NZ_CP038996.1	99.871	5439	6	1	1020	6458	1685531	1680094	0.0	10004
tig00000001_pilon	NZ_CP038996.1	99.725	5458	12	3	1393548	1399004	2054210	2059665	0.0	9993
tig00000001_pilon	NZ_CP038996.1	99.725	5457	12	3	2355216	2360670	2778275	2772820	0.0	9991
tig00000001_pilon	NZ_CP038996.1	99.743	5449	12	2	1819002	1824449	2778276	2772829	0.0	9984
tig00000001_pilon	NZ_CP038996.1	99.652	5464	15	4	1819032	1824493	2440584	2435123	0.0	9982
tig00000001_pilon	NZ_CP038996.1	99.706	5451	12	4	1393557	1399005	424589	419141	0.0	9974
tig00000001_pilon	NZ_CP038996.1	99.634	5466	11	9	2355200	2360661	2440627	2435167	0.0	9974
tig00000001_pilon	NZ_CP038996.1	99.597	5462	19	3	1818990	1824449	2059679	2054219	0.0	9961
tig00000001_pilon	NZ_CP038996.1	99.561	5463	19	5	2355202	2360661	419129	424589	0.0	9950
tig00000001_pilon	NZ_CP038996.1	99.797	5420	7	4	1393557	1398974	2435167	2440584	0.0	9945
tig00000001_pilon	NZ_CP038996.1	99.797	5418	10	1	1067107	1072523	2054219	2059636	0.0	9943
tig00000001_pilon	NZ_CP038996.1	99.542	5454	21	4	1067073	1072523	424623	419171	0.0	9930
tig00000001_pilon	NZ_CP038996.1	99.705	5418	14	2	1067107	1072523	2772829	2778245	0.0	9915
tig00000001_pilon	NZ_CP038996.1	99.829	5277	9	0	1163197	1168473	934397	929121	0.0	9696
tig00000001_pilon	NZ_CP038996.1	99.811	5278	9	1	776195	781472	2535810	2541086	0.0	9690
tig00000001_pilon	NZ_CP038996.1	99.841	5028	8	0	2756321	2761348	1692378	1687351	0.0	9241
